1000
1000
1000
1001
1003
1005
1007
1009
1010
1010
1010
1010
1011
1013
1014
1014
1015
1015
1015
1015
1017
1018
1020
1020
1020
1020
1021
1022
1025
1025
1025
1025
1025
1025
1025
1027
1028
1030
1033
1035
1036
1037
1037
1037
1037
1038
1040
1040
1040
1040
1042
1043
1044
1045
1047
1049
1050
1050
1053
1054
1055
1059
1060
1060
1060
1060
1061
1065
1066
1066
1066
1066
1067
1068
1069
1070
1071
1073
1073
1073
1073
1075
1075
1076
1079
1080
1082
1085
1086
1088
1090
1090
1090
1090
1092
1093
1095
1095
1095
1095
1096
1097
1098
1099
1100
1100
1102
1105
1105
1105
1105
1105
1105
1105
1105
1105
1105
1105
1105
1105
1107
1108
1109
1110
1110
1110
1110
1111
1113
1114
1115
1117
1118
1119
1120
