1
4096
5461
2048
6553
6826
7021
1024
7281
7372
2234
3413
7561
7606
7645
512
2891
7736
3880
3686
7801
1117
5342
5802
4587
7876
2427
3803
5649
7918
5813
256
3475
5541
7957
3868
6420
1940
7981
1843
6393
7996
381
4654
8009
2671
3137
2901
1003
6389
3694
3938
6491
5309
2085
5997
6754
6920
833
3959
5774
7002
8061
128
8065
5833
7702
6866
4511
8074
3461
1934
3815
3210
1529
970
7340
8086
1970
5017
809
7292
1579
3998
7131
4286
1883
2327
5430
8100
8101
5431
4668
5664
776
5546
760
4597
6619
7290
811
1847
6521
1969
8113
7341
2220
6750
2555
5138
2140
7094
5509
3377
5983
3460
8121
4512
413
6075
2437
2887
2131
3501
5832
8126
129
64
127
8128
7003
7012
6405
3851
5400
3433
3109
6351
825
4037
3776
5826
1432
967
2768
6003
5795
1605
6157
4860
5533
485
6692
3670
4439
4043
4852
985
4894
6604
7784
4500
7990
3646
695
4885
7161
1999
3732
7661
7712
2143
2320
5037
6506
5259
3008
2715
1144
4050
2670
8146
4655
6811
1284
2334
3986
2832
2687
388
7076
2773
3565
380
8149
6394
790
7405
5886
3645
8028
4501
807
5019
4555
7356
4234
5080
1842
8152
1941
7766
3884
1110
6629
3375
5511
5373
4002
2569
5263
1070
7236
3547
3240
6850
7758
5784
4328
7087
5177
1730
3867
8156
5542
2256
3387
4302
4284
7133
5472
5314
3000
5539
3477
5161
4709
5846
5987
2916
7212
4063
7932
4160
2377
32
4717
4159
7938
4064
3358
7597
5388
3506
7851
7298
1810
6021
609
2700
6982
5812
8161
5650
417
7271
4199
4508
1556
6114
5655
1888
6657
2913
2989
716
6764
4579
3061
1384
5714
7097
6933
6993
3443
4898
7667
7174
1041
2430
4735
6862
5731
4338
2793
3346
1254
1835
4904
6315
2028
6117
3245
2426
8165
4588
5943
2447
5726
3302
740
3892
3601
2250
1613
3995
3582
1823
7469
4443
1658
6538
6174
7676
6455
5095
7316
1866
7297
7926
3507
3856
5994
5167
7455
1160
897
6614
6243
3253
2707
6725
4664
1504
7245
5453
2868
572
3103
2025
7533
1335
6273
4073
763
6423
1540
7501
6171
642
6778
1167
4370
1993
1944
1416
4215
5439
4625
194
43
3538
7250
5482
1468
5878
5503
190
1116
8170
3687
3197
7795
395
394
7798
3198
2943
2135
5918
1389
4014
7378
6346
1800
4499
8030
6605
4466
6373
6497
3678
119
2117
1954
2540
275
921
4594
4076
4650
5066
3989
3883
7979
1942
1995
555
5938
7410
4086
5783
7964
6851
3653
6782
3730
2001
2239
5380
4662
6727
7285
535
1086
3618
7513
5869
3156
1620
5049
3425
7305
3879
8173
2892
3979
2164
4961
7639
7196
6684
1203
865
4210
6029
4648
4078
6951
2771
7078
1128
7481
5789
6708
2151
7092
2142
8020
7662
1754
2736
5325
2657
152
1500
6795
6865
8124
5834
3203
6676
6596
6450
2962
2923
5175
7089
5975
1458
2387
3606
1661
6127
6715
3966
1244
2080
7145
5284
545
16
5301
6454
7857
6175
4753
3969
6234
2032
3333
1679
7173
7894
4899
2694
5642
1753
7711
8021
3733
3649
2382
905
444
7106
5842
4400
4559
1350
1832
3491
890
2906
511
8176
7607
2825
4282
4304
7195
7731
4962
6195
428
2254
5544
778
5700
3057
4059
6923
5063
944
2740
7424
3626
5552
3786
5590
5322
358
5089
3382
4473
6385
4784
5626
6649
692
3736
2857
2824
7644
8177
7562
1214
7592
4617
5817
5724
2449
5387
7929
3359
3587
1962
4616
7603
1215
3012
6463
2676
3431
5402
6961
1174
2169
269
5492
5912
1673
2472
627
6979
5013
6890
2452
3811
7253
6872
1014
3116
7154
6081
5718
614
1213
7605
8178
3414
2294
647
7067
1664
5319
7008
2863
4025
1651
2019
370
1414
1946
4940
5896
633
1125
1565
4902
1837
6093
3161
1791
4677
5007
1334
7830
2026
6317
3036
829
7215
3269
1281
3087
1314
3838
2412
7323
6482
6643
1923
3658
1080
933
5868
7744
3619
3963
2586
5849
4917
1928
2260
2997
4173
6679
6170
7823
1541
580
4456
4544
165
3307
3267
7217
1289
5722
5819
5449
769
7458
7308
2332
1286
752
5788
7718
1129
6822
965
1434
5201
286
1428
5647
3805
5108
4442
7862
1824
4763
3830
7232
4011
6132
1000
4477
3877
7307
7487
770
1159
7846
5168
7181
4888
321
4300
3389
5005
4679
6146
2185
4726
5092
7338
972
6904
708
2404
6203
4383
6815
4999
6408
2644
97
3595
4117
365
1769
6253
3625
7625
2741
703
734
7033
2939
1759
6847
2526
95
2646
558
2492
4085
7761
5939
6580
5694
5885
7993
791
4293
1796
197
787
3899
7375
1599
2617
5567
4707
5163
1630
2959
6064
4790
4070
2007
3195
3689
203
3173
81
900
101
6345
7788
4015
1598
7398
3900
2233
8181
7282
6036
7344
6091
1839
139
4155
3318
5154
662
977
4130
1270
59
4233
7985
4556
3249
2297
1523
2038
7256
2325
1885
2533
5661
6090
7369
6037
2219
8085
8114
971
7442
5093
6457
4373
5295
2969
4968
3705
4985
2043
6008
6987
464
3982
6481
7521
2413
5922
5003
3391
4635
1865
7854
5096
962
5215
2311
2690
5346
2331
7486
7459
3878
7738
3426
4363
4699
543
5286
1809
7925
7852
1867
7030
347
1578
8109
810
8091
6620
7039
5808
534
7748
6728
6035
7371
8182
1025
1446
5356
6085
931
1082
5681
6576
4198
7915
418
3598
6567
3342
1895
4697
4365
4528
3421
2105
915
7110
676
2324
7350
2039
6871
7571
3812
5481
7808
3539
3127
564
5452
7836
1505
6990
4704
3354
1981
5171
3756
3546
7968
1071
4639
4010
7465
3831
3094
877
2977
1368
713
6758
144
5424
6661
76
852
750
1288
7493
3268
7528
830
4062
7940
2917
1194
5697
4108
3338
158
3298
5220
3225
3934
1481
6042
5557
3283
6683
7730
7640
4305
7083
2058
729
3715
5289
49
1803
4882
4926
5946
7159
4887
7453
5169
1983
1318
622
5076
1040
7893
7668
1680
2642
6410
4368
1169
8
911
6746
3932
3227
1998
8024
4886
7183
5947
6472
2485
6080
7567
3117
3114
1016
299
5762
4390
4935
5283
7682
2081
3947
6887
6545
3133
1347
6363
2821
6941
4972
5471
7951
4285
8106
3999
5962
1387
5920
2415
1191
2303
4548
2927
222
956
3553
5023
2921
2964
2200
6495
6375
4532
675
7259
916
2511
5841
7655
445
4574
1453
2091
4351
5781
4088
6932
7899
5715
5508
8079
2141
7714
2152
5974
7693
5176
7961
4329
2481
2057
7193
4306
214
1563
1127
7720
2772
8000
389
22
2850
4187
5624
4786
6125
1663
7557
648
6627
1112
472
711
1370
1405
3712
4316
1813
4828
2776
4272
1893
3344
2795
5822
2661
5475
179
4142
6640
1264
1691
5147
6332
5807
7288
6621
2392
5950
2813
2938
7420
735
346
7295
1868
4423
5524
5688
1412
372
3822
1023
8184
6827
3781
1229
607
6023
3796
3925
6404
8059
7004
6790
2862
7554
5320
5592
6789
7011
8060
8129
5775
1066
5889
5273
981
2495
2308
3442
7897
6934
4703
7243
1506
463
7327
6009
1338
4540
5811
7920
2701
5012
7576
628
587
600
5180
4570
4230
2419
2746
5407
2956
4494
4932
5610
1236
4219
4409
1173
7585
5403
6602
4896
3445
2580
1226
3973
6001
2770
7722
4079
3436
4224
507
6112
1558
6227
3577
4971
7136
2822
2859
4844
307
6357
4702
6992
7898
7098
4089
4469
1707
1550
1147
6501
4419
5062
7629
4060
832
8133
6755
2992
3504
5390
5527
2880
6108
4246
4921
665
5105
1379
185
5858
707
7440
973
699
2470
1675
2948
1362
4412
4864
4658
5968
4878
5385
2451
7574
5014
6544
7142
3948
5676
3497
4991
5250
6434
6704
6599
5103
667
4354
3915
6207
1013
7570
7254
2040
1518
1554
4510
8123
7703
6796
5730
7889
4736
5434
5639
3183
657
362
1919
2181
1206
3652
7757
7965
3241
2525
7417
1760
5057
1052
1829
3631
540
6360
4562
1683
2934
6311
3872
2173
5905
2435
6077
5242
1293
3780
7020
8185
6554
5213
964
7479
1130
6787
5594
2440
6182
4998
7435
4384
3085
1283
8007
4656
4866
5129
290
2478
2228
1063
2272
401
4178
2061
5749
2011
5729
6864
7704
1501
4740
4842
2861
7010
7005
5593
6820
1131
4480
2317
3729
7755
3654
2502
1166
7820
643
6246
376
3977
2894
5224
3859
5966
4660
5382
3411
2236
4578
7904
717
2545
6696
2364
143
7225
714
2991
6919
8134
5998
2755
2554
8083
2221
3315
3931
7165
912
2836
6477
1775
1915
6187
3616
1088
6101
2781
3066
2215
500
5805
6334
2265
6034
7284
7749
4663
7839
2708
385
2314
4675
1793
3923
3798
2584
3965
7686
6128
2444
4929
4256
990
2150
7716
5790
6448
6598
6880
6435
5457
3073
1725
5188
4795
2363
6761
2546
4722
3669
8038
486
1397
3452
3526
354
947
1202
7729
7197
3284
6287
6169
7503
4174
6595
7699
3204
6150
1322
6638
4144
3145
5893
839
6154
3835
4278
5112
4980
75
7222
5425
5908
2912
7908
1889
5466
4743
4447
1767
367
691
7612
5627
5565
2619
4975
1922
7519
6483
1263
7045
4143
6672
1323
3682
279
2078
1246
1965
6138
3374
7976
1111
7065
649
3290
5499
2847
2391
7038
7289
8092
4598
4491
1633
6242
7843
898
83
4194
4611
4489
4600
6045
4465
7783
8031
4895
6959
5404
5102
6879
6705
6449
7698
6677
4175
815
794
5575
4712
3032
6469
2395
148
2035
4358
5099
2749
5693
7408
5940
325
4197
7273
5682
4250
4136
5034
450
3143
4146
3341
7268
3599
3894
2779
6103
3027
799
5233
3699
1575
1950
5631
5212
6825
8186
2049
3641
5266
3018
4437
3672
3132
7141
6888
5015
1972
4165
640
6173
7859
1659
3608
2577
3747
331
1654
4584
503
2065
1123
635
2873
4125
4835
6212
1968
8088
1848
2278
612
5720
1291
5244
1900
4857
522
1019
5550
3628
1353
5258
8016
5038
3122
5362
4418
6926
1148
3045
3677
7780
6374
7114
2201
5205
5308
8138
3939
4057
3059
4581
5616
3721
1262
6642
7520
7324
3983
6282
1774
6743
2837
5580
1975
2484
7157
5948
2394
6588
3033
5117
1491
3004
2675
7589
3013
232
4325
1991
4372
7336
5094
7856
7677
5302
6062
2961
7697
6597
6706
5791
4525
6413
6339
5028
6402
3927
4720
2548
528
481
5456
6703
6881
5251
773
1345
3135
2673
3006
5261
2571
3743
1539
7825
764
1939
8154
3869
1908
1713
1449
6277
6338
6445
4526
4367
7170
2643
7433
5000
3850
8058
7013
3926
6442
5029
654
3515
1471
4269
3897
789
7995
8150
1844
405
3693
8141
1004
3310
4783
7615
4474
2904
892
267
2171
3874
1134
3364
4531
7113
6496
7781
4467
4091
5852
4608
328
723
3429
2678
2820
7138
1348
4561
6840
541
4701
6936
308
3288
651
2099
824
8053
3110
209
40
1799
7787
7379
102
1671
5914
5043
5027
6444
6414
6278
4632
2264
6731
5806
7041
5148
5669
4553
5021
3555
874
338
895
1162
3769
3675
3047
5115
3035
7531
2027
7881
4905
1906
3871
6836
2935
3904
87
5865
843
5659
2535
282
1535
2726
5735
3918
1138
4848
925
3495
5678
2352
2946
1677
3335
5086
6168
6681
3285
1878
4321
1773
6479
3984
2336
4631
6337
6415
1450
2005
4072
7828
1336
6011
3215
1547
673
4534
3570
5584
3273
684
5932
4452
5981
3379
4729
72
4377
2712
3624
7426
1770
38
211
426
6197
375
6776
644
3252
7842
6615
1634
2561
3764
6073
415
5652
2031
7672
3970
3784
5554
4603
597
3576
6944
1559
2054
1978
1669
104
79
3175
1649
4027
2610
1717
5708
6136
1967
6523
4836
951
3021
1012
6874
3916
5737
4382
7437
2405
3865
1732
3820
374
6248
427
7637
4963
1029
168
4460
438
5953
3615
6740
1916
4120
804
4997
6817
2441
1393
2463
4891
2973
4752
7675
7858
6539
641
7822
7502
6680
6288
5087
360
659
1875
311
2075
2538
1956
520
4859
8042
1606
3834
6667
840
936
1321
6674
3205
862
2184
7446
4680
2729
4
1639
4551
5671
3373
6631
1966
6214
5709
1107
999
7463
4012
1391
2443
6714
7687
1662
7069
4787
3236
3951
5338
2290
3040
3244
7879
2029
5654
7911
1557
6946
508
1047
4245
6913
2881
55
2195
3026
6563
2780
6737
1089
3841
2489
5136
2557
6069
3160
7539
1838
7368
7345
5662
4670
4769
930
7277
5357
5506
5717
7566
7155
2486
5241
6831
2436
8071
414
6238
3765
4053
3159
6095
2558
2981
3234
4789
7390
2960
6452
5303
123
4691
5837
5247
399
2274
3281
5559
3052
111
1098
478
172
5872
4464
6607
4601
5556
7200
1482
476
1100
2218
7343
7370
7283
6729
2266
4344
4433
4647
7725
4211
458
3231
5351
3795
7016
608
7923
1811
4318
1357
2287
4007
4822
2630
5141
3214
6271
1337
6986
7328
2044
746
3466
5794
8045
2769
6953
3974
2754
6753
8135
2086
5166
7848
3857
5226
1076
1697
2987
2915
7942
5847
2588
3459
8076
3378
6260
4453
5336
3953
5124
1457
7692
7090
2153
849
107
1442
4877
6894
4659
6770
3860
5712
1386
7129
4000
5375
4290
818
11
4779
1425
3614
6189
439
2812
7036
2393
6471
7158
7184
4927
2446
7874
4589
324
6579
7409
7762
556
2648
236
4805
4451
6262
685
5195
4798
3558
1856
1461
2158
3848
5002
7321
2414
7127
1388
7791
2136
4911
5042
6342
1672
7580
5493
2704
2911
6659
5426
2434
6833
2174
4185
2852
2071
5152
3320
4776
632
7545
4941
838
6669
3146
3166
5272
6999
1067
3644
7992
7406
5695
1196
4750
2975
879
5502
7805
1469
3517
3710
1407
4463
6047
173
3155
7743
7514
934
842
6307
88
2762
2592
2844
882
706
6906
186
4206
1911
3561
4607
6370
4092
4916
7509
2587
5986
7943
4710
5577
4399
7654
7107
2512
1898
5246
6058
4692
3202
7701
8125
8066
3502
2994
3395
1494
1431
8049
3777
3329
2660
7050
2796
5448
7490
5723
7601
4618
4030
255
8160
7919
6983
4541
533
7287
7040
6333
6732
501
4586
8167
5343
1569
1154
2242
1721
1604
8044
6004
3467
4524
6447
6707
7717
7482
753
1989
4327
7963
7759
4087
7100
4352
669
869
2270
1065
7001
8130
3960
1219
5446
2798
2506
5588
3788
4945
314
27
4389
7149
300
3457
2590
2764
2285
1359
2115
121
5305
2596
1373
2010
6799
2062
1478
3263
2247
318
2466
592
2805
1300
618
4381
6205
3917
6300
2727
4682
4337
7888
6863
6797
2012
3301
7872
2448
7600
5818
7491
1290
6517
613
7565
6082
5507
7096
7900
1385
5964
3861
1106
6135
6215
1718
1035
2112
2951
4349
2093
3056
7632
779
4107
7209
1195
5884
7407
6581
2750
3568
4536
1411
7026
5525
5392
2422
2604
4249
6575
7274
1083
2351
6294
3496
6885
3949
3238
3549
3372
6140
4552
6330
5149
4949
1343
775
8097
4669
6089
7346
2534
6305
844
2531
1887
7910
6115
2030
6236
416
7917
8162
3804
7473
1429
1496
3470
1752
7664
2695
3182
6859
5435
1440
109
3054
2095
2123
5211
6556
1951
4428
5564
6648
7613
4785
7071
4188
220
2929
1765
4449
4807
3720
6486
4582
1656
4445
4745
1235
6966
4933
4392
1474
4227
681
2343
2206
4733
2432
5428
2329
5348
2984
2885
2439
6819
6788
7006
5321
7621
3787
5768
2507
3943
3272
6265
3571
4163
1974
6475
2838
4398
5844
4711
6591
795
2625
1545
3217
2722
3352
4706
7395
2618
6647
5628
4429
3368
2177
3051
6053
3282
7199
6043
4602
6231
3785
7623
3627
6510
1020
1782
759
8095
777
7634
2255
7956
8157
3476
7947
3001
3398
4023
2865
484
8040
4861
2368
1142
2717
2879
6915
5391
5687
7027
4424
4140
181
46
5055
1762
5186
1727
603
4761
1826
5372
7974
3376
8078
7095
5716
6083
5358
189
7804
5879
880
2846
6624
3291
526
2550
5010
2703
5911
7581
270
1210
3180
2697
2281
5281
4937
351
1467
7807
7251
3813
1936
4568
5182
178
7048
2662
5313
7950
7134
4973
2621
4840
4742
6655
1890
2457
3510
2047
8188
4097
3277
3072
6702
6436
482
2867
7835
7246
565
768
7489
5820
2797
5771
1220
2785
3091
1609
2499
4624
7813
4216
2192
1439
5638
6860
4737
4667
8099
8102
2328
5600
2433
5907
6660
7223
145
2189
1239
470
1114
192
4627
3362
1136
3920
4296
1627
2089
1455
5126
2955
6970
2747
5101
6601
6960
7586
3432
8056
3852
305
4846
1140
2370
2744
2421
5686
5526
6916
3505
7928
7598
2450
6892
4879
3410
6768
4661
7751
2240
1156
5254
4289
5960
4001
7973
5512
1827
1054
1251
5333
583
548
3910
4152
4417
6503
3123
4204
188
5505
6084
7278
1447
1715
2612
3794
6025
3232
2983
5598
2330
7310
2691
1568
5801
8168
1118
4005
2289
6121
3952
5979
4454
582
5368
1252
3348
1400
1182
638
4167
2656
7708
2737
357
7620
5591
7007
7555
1665
4067
4171
2999
7949
5473
2663
1277
2084
8137
6492
5206
2595
5753
122
6061
6453
7678
17
456
4213
1418
2968
7334
4374
4983
3707
5053
48
7189
3716
1808
7300
544
7681
7146
4936
5486
2282
1533
284
5203
2203
250
980
6998
5890
3167
1074
5228
496
3017
6550
3642
1069
7970
2570
6427
3007
8015
6507
1354
1881
4288
5377
1157
772
6433
6882
4992
398
6057
5838
1899
6515
1292
6830
6078
2487
3843
3323
3064
2783
1222
3698
6560
800
2128
1740
495
5269
1075
5992
3858
6772
2895
858
3224
7204
3299
2014
3440
2310
7313
963
6824
6555
5632
2124
4958
2842
2594
5307
6493
2202
5277
285
7476
1435
1273
4688
2361
4797
5930
686
4019
2876
243
2653
4794
6699
1726
5517
1763
2931
177
5477
4569
6975
601
1729
7960
7088
7694
2924
1642
3755
7239
1982
7180
7454
7847
5995
2087
1629
7393
4708
7945
3478
1602
1723
3075
1873
661
7363
3319
5900
2072
4948
5668
6331
7042
1692
4515
1871
3077
3213
6013
2631
2139
8081
2556
6097
2490
560
4133
1703
3611
289
6808
4867
2954
5409
1456
5977
3954
3120
5040
4913
2733
1490
6467
3034
6319
3048
4979
6664
4279
4041
4441
7471
3806
1378
6909
666
6878
6600
5405
2748
6583
4359
961
7315
7855
6456
7337
7443
4727
3381
7618
359
6167
6289
3336
4110
4757
137
1841
7983
4235
5073
1039
7176
623
1038
5078
4236
3069
3152
1687
2830
3988
7769
4651
943
7628
6924
4420
4518
1645
1051
6845
1761
5519
47
5291
3708
3519
3424
7740
1621
4046
1521
2299
5026
6341
5915
4912
5121
3121
6505
8017
2321
449
6572
4137
2121
2097
653
6401
6443
6340
5044
2300
2920
7118
3554
6328
4554
7987
808
8111
1971
6543
6889
7575
6980
2702
5495
2551
1333
7535
4678
7448
3390
7320
5923
3849
6407
7434
6816
6183
805
4503
392
397
5249
6883
3498
2356
491
1516
2042
7330
3706
5293
4375
74
6663
5113
3049
2179
1921
6645
2620
5470
7135
6942
3578
3704
7332
2970
988
4258
1028
6194
7638
7732
2165
2841
5209
2125
3403
2068
4241
2517
4643
225
1342
5667
5150
2073
313
5766
3789
3634
837
5895
7546
1947
350
5485
5282
7147
4391
5609
6967
4495
4255
6712
2445
5945
7185
4883
697
975
664
6911
4247
2606
1927
7508
5850
4093
2732
5120
5041
5916
2137
2633
993
1509
1905
6314
7882
1836
7541
1566
2693
7666
7895
3444
6958
6603
8032
986
2972
6178
2464
320
7452
7182
7160
8025
696
4925
7186
1804
3409
5384
6893
5969
1443
4261
4035
827
3038
2292
3416
4347
2953
5128
6809
4657
6896
4413
2367
5532
8041
6158
521
6513
1901
3106
4082
984
8034
4044
1623
924
6297
1139
5397
306
6938
2860
6792
4741
5468
2622
3486
950
6211
6524
4126
261
595
4605
3563
2775
7056
1814
3661
4772
3761
2629
6015
4008
4641
2519
2052
1561
216
2681
114
2209
1932
3463
3101
574
3719
5618
4450
5934
237
3890
742
3187
872
3557
5929
5196
2362
6698
5189
2654
4169
4069
7389
6065
3235
6124
7070
5625
7614
6386
3311
2808
1424
5956
12
631
5898
3321
3845
3760
4825
3662
929
6087
4671
3141
452
887
3829
7467
1825
5514
604
2790
136
5083
4111
1242
3968
7674
6176
2974
5882
1197
295
3294
1234
5612
4446
6654
5467
4841
6793
1502
4666
5433
6861
7890
2431
5602
2207
116
71
6258
3380
5091
7444
2186
2398
3668
6694
2547
6440
3928
4158
7934
33
2651
245
3031
6590
5576
5845
7944
5162
7394
5568
3353
7242
6991
6935
6358
542
7302
4364
7265
1896
2514
1307
3201
5836
6059
124
2360
5198
1274
2802
264
341
4336
5733
2728
6145
7447
5006
7536
1792
6721
2315
4482
3140
4768
6088
5663
8098
5432
4738
1503
7838
6726
7750
5381
6769
5967
6895
4865
6810
8008
8147
382
942
5065
7770
4077
7724
6030
4434
954
224
4952
2518
4820
4009
7234
1072
3169
1864
7318
3392
2263
6336
6279
2337
3585
3361
5417
193
7812
5440
2500
3656
1925
2608
4029
5816
7602
7593
1963
1248
3221
4488
6610
4195
327
6369
5853
3562
4831
596
6230
5555
6044
6608
4490
6618
8093
761
4075
7772
922
1625
4298
323
5942
7875
8166
5803
502
6531
1655
5615
6487
3060
7903
6765
2237
2003
1452
7104
446
679
4229
6974
5181
5478
1937
766
567
2640
1682
6839
6361
1349
7652
4401
3248
7355
7986
5020
6329
5670
6141
1640
2926
7123
2304
200
164
7497
4457
532
5810
6984
1339
435
1410
5690
3569
6267
674
7112
6376
3365
3420
7263
4366
6412
6446
5792
3468
1498
154
3753
1644
5060
4421
1870
5145
1693
412
8073
8122
6867
1555
7913
4200
4310
20
391
4995
806
7989
8029
7785
1801
51
4254
4931
6968
2957
1632
6617
4599
6609
4612
3222
860
3207
2899
3139
4673
2316
6785
1132
3876
7461
1001
2903
6384
7616
3383
2574
1706
6930
4090
6372
7782
6606
6046
5873
1408
437
6191
169
531
4543
7498
581
5335
5980
6261
5933
4806
5619
1766
6653
4744
5613
1657
7861
7470
5109
4042
8036
3671
6548
3019
953
4646
6031
4345
3418
3367
5563
5629
1952
2119
4139
5523
7028
1869
4517
5061
6925
6502
5363
4153
141
2366
4863
6897
1363
1172
6963
4220
1959
2638
569
2602
2424
3247
4558
7653
5843
5578
2839
2167
1176
4267
1473
5608
4934
7148
5763
28
2543
719
3084
6814
7436
6204
5738
619
939
2711
6256
73
4982
5294
7335
6458
1992
7818
1168
7169
6411
4527
7264
4698
7303
3427
725
960
5098
6584
2036
1525
3914
6876
668
5780
7101
2092
5703
2952
4869
3417
4432
6032
2267
3190
1785
134
2792
7887
5732
4683
342
2198
2966
1420
2226
2480
7086
7962
5785
1990
6460
233
36
1772
6284
1879
1356
6019
1812
7058
3713
731
885
454
19
4506
4201
424
213
7082
7194
7641
4283
7953
3388
7450
322
4591
1626
5413
3921
1795
7403
792
817
5959
5376
5255
1882
8105
7132
7952
4303
7642
2826
4040
5111
6665
3836
1316
1985
2455
1892
7054
2777
3896
6397
1472
4394
1177
1788
1750
3472
4034
4875
1444
1027
4965
989
6711
4930
4496
52
1701
4135
6574
5683
2605
4920
6912
6109
1048
1305
2516
4954
2069
2854
2213
3068
5072
5079
7984
7357
60
2418
6973
4571
680
5606
1475
506
6948
3437
518
1958
4408
6964
1237
2191
5438
7814
1417
5298
457
6028
7726
866
1711
1910
5856
187
5360
3124
423
4309
4507
7914
7272
6577
326
4610
6611
84
1061
2230
2817
219
5623
7072
2851
5903
2175
3370
3551
958
727
2060
6801
402
814
6594
6678
7504
2998
5316
4068
4792
2655
5327
639
6541
1973
5582
3572
2376
7937
7933
4718
3929
3317
7365
140
4416
5364
3911
3081
3751
156
3340
6569
3144
6671
6639
7046
180
5522
4425
2120
5033
6573
4251
1702
5133
561
1269
7360
978
252
260
4834
6525
2874
4021
3400
803
6185
1917
364
7429
3596
420
3542
468
1241
4756
5084
3337
7208
5698
780
431
2409
1092
1260
3723
1820
2340
3276
5460
8189
2
2731
4915
5851
6371
4468
6931
7099
5782
7760
7411
2493
