3
12
13
15
17
18
41
44
52
55
56
60
65
68
70
74
75
77
85
86
90
92
94
98
99
111
114
115
117
118
119
122
126
129
131
133
137
141
147
153
157
158
161
171
176
177
183
186
189
192
202
205
206
207
211
212
213
224
227
232
237
239
240
242
251
257
260
265
267
272
275
277
279
281
287
288
290
296
300
303
307
313
318
319
325
334
337
338
340
349
350
363
364
367
368
370
376
385
386
392
394
396
402
406
409
418
429
430
439
442
444
446
447
450
453
455
456
457
458
461
462
466
472
488
490
493
498
503
504
506
507
509
511
519
521
522
524
541
546
547
548
551
555
564
571
575
579
581
585
587
588
594
595
598
603
609
610
612
628
632
634
642
644
645
648
654
655
656
662
663
665
667
669
682
684
685
