7
17
23
37
43
47
53
73
83
97
103
107
113
137
157
167
173
193
197
223
227
233
257
263
277
283
293
307
317
347
353
373
383
397
433
443
463
467
503
523
547
557
563
577
587
593
607
613
617
647
653
673
677
683
727
743
757
773
787
797
857
863
877
887
907
937
947
953
967
977
983
1013
1033
1093
1097
1103
1153
1163
1187
1193
1213
1217
1223
1237
1277
1283
1307
1327
1367
1373
1427
1433
1483
1487
1493
1523
1543
1553
1567
1583
1607
1613
1637
1663
1667
1693
1697
1733
1747
1777
1787
1823
1847
1877
1907
1913
1933
1987
1993
1997
2003
2017
2027
2053
2063
2083
2087
2113
2143
2153
2203
2207
2213
2237
2243
2267
2273
2293
2297
2333
2347
2357
2377
2383
2393
2417
2423
2437
2447
2467
2473
2477
2503
2543
2557
2617
2633
2647
2657
2663
2677
2683
2687
2693
2713
2753
2767
2777
2797
2833
2837
2843
2887
2897
2903
2917
2927
2957
2963
3023
3037
3067
3083
3163
3167
3187
3203
3217
3253
3307
3323
3343
3347
3373
3407
3413
3433
3463
3467
3517
3527
3533
3547
3557
3583
3593
3607
3613
3617
3623
3643
3673
3677
3697
3767
3793
3797
3803
3833
3847
3863
3907
3917
3923
3943
3947
4003
4007
4013
4027
4057
4073
4093
4127
4133
4153
4157
4177
4217
4253
4273
4283
4297
4337
4357
4363
4373
4397
4423
4457
4463
4483
4493
4507
4517
4523
4547
4567
4583
4597
4603
4637
4643
4673
4703
4733
4787
4793
4813
4817
4877
4903
4933
4937
4957
4967
4973
4987
4993
5003
5087
5147
5153
5237
5273
5297
5303
5323
5333
5347
5387
5393
5413
5417
5437
5443
5477
5483
5507
5527
5557
5563
5573
5623
5647
5653
5657
5693
5717
5737
5807
5813
5843
5867
5897
5903
5923
5927
5987
6007
6037
6043
6047
6053
6113
6133
6143
6173
6197
6203
6217
6247
