37
53
59
67
83
107
139
149
163
173
179
197
227
269
293
317
347
349
373
379
389
419
443
467
509
523
547
557
563
587
613
619
653
659
677
709
757
773
787
797
827
829
853
859
877
883
907
947
1019
1109
1117
1123
1187
1213
1229
1237
1259
1277
1283
1307
1373
1427
1453
1483
1493
1499
1523
1549
1619
1637
1667
1669
1693
1733
1747
1787
1867
1877
1907
1949
1973
1979
1987
1997
2027
2029
2053
2069
2083
2099
2213
2237
2243
2267
2269
2293
2309
2333
2339
2357
2389
2437
2459
2467
2477
2539
2549
2557
2579
2659
2677
2683
2693
2699
2707
2789
2797
2803
2819
2837
2843
2909
2939
2957
2963
3019
3037
3067
3083
3187
3203
3253
3299
3307
3323
3347
3413
3467
3469
3499
3517
3533
3539
3547
3557
3613
3637
3643
3659
3677
3709
3733
3779
3797
