11
13
17
23
41
61
67
71
79
89
97
101
107
127
151
163
173
179
211
229
239
241
257
263
269
293
347
349
359
379
397
431
433
443
461
491
499
509
521
547
577
593
599
601
631
659
677
683
733
739
743
761
773
797
823
827
857
863
907
919
929
937
941
967
991
997
1013
1019
1049
1051
1069
1097
1103
1109
1163
1181
1187
1193
1217
1237
1249
1277
1283
1301
1303
1361
1367
1433
1439
1451
1471
1523
1553
1601
1607
1609
1613
1619
1637
1667
1669
1693
1697
1721
1747
1753
1759
1787
1831
1889
1949
1973
1993
2003
2011
2027
2039
2083
2087
2089
2111
2141
2143
2179
2207
2251
2273
2281
2309
2339
2341
2357
2393
2447
2459
2477
2503
2531
2543
2591
2593
2609
2621
2647
2671
2677
2693
2699
2711
2729
2731
2777
2789
2843
2851
2879
2897
2917
2957
2963
3041
3119
3121
3169
3181
3203
3209
3253
3271
3299
3343
3371
3449
3457
3467
3511
3517
3533
3539
3541
3571
3607
3617
3623
3673
3701
3719
3739
3767
3769
3793
3797
3803
3821
3853
3931
3943
3989
4019
4049
4073
4093
4127
4133
4139
4157
4177
4211
4243
4261
4271
4273
4289
4297
4327
4373
4409
4447
4457
4463
4493
4513
4519
4523
4547
4549
4597
4603
4637
4643
4663
4691
4721
4793
4799
4801
4831
4877
4889
4943
4951
4967
4973
4999
5081
5107
5119
5147
5197
5231
5279
5281
5297
5303
5309
5333
5381
5387
5393
5399
5417
5437
5449
5471
5477
5483
5501
5503
5557
5623
5639
5651
5669
5717
