11
29
53
59
83
101
107
131
149
173
179
197
227
269
293
317
347
389
419
443
461
467
491
509
557
563
587
653
659
677
701
773
797
821
827
941
947
1019
1061
1091
1109
1187
1229
1259
1277
1283
1301
1307
1373
1427
1451
1493
1499
1523
1571
1619
1637
1667
1733
1787
1877
1901
1907
1931
1949
1973
1979
1997
2027
2069
2099
2141
2213
2237
2243
2267
2309
2333
2339
2357
2459
2477
2531
2549
2579
2621
2693
2699
2741
2789
2819
2837
2843
2861
2909
2939
2957
2963
3011
3083
3203
3299
3323
3347
3371
3413
3461
3467
3491
3533
3539
3557
3581
3659
3677
3701
3779
3797
3803
3851
3917
3923
3947
3989
4013
4019
4091
4133
4139
4157
4229
4253
4259
4283
4349
4373
4397
4451
4493
4517
4547
4637
4691
4787
4877
4973
5003
5051
