5
7
17
19
29
31
43
53
79
89
101
113
127
137
139
149
163
173
197
199
211
223
233
257
269
281
283
293
317
331
353
379
389
401
449
461
463
487
509
521
557
569
571
593
607
617
631
641
653
677
691
701
739
751
773
797
809
811
821
823
857
859
881
907
929
941
953
977
1013
1039
1049
1061
1063
1087
1097
1109
1123
1193
1217
1229
1231
1277
1279
1291
1301
1327
1361
1373
1409
1423
1433
1447
1459
1481
1483
1493
1553
1567
1579
1601
1613
1627
1637
1663
1697
1699
1709
1721
1723
1733
1747
1831
1889
1901
1913
1949
1951
1973
1987
1997
1999
2011
2069
2081
2083
2129
2141
2143
2153
2213
2237
2239
2273
2309
2311
2333
2347
2357
2371
2381
2393
2417
2467
2477
2503
2539
2549
2609
2633
2647
2657
2659
2683
2693
2707
2719
2729
2731
2741
2753
2767
2777
2789
2801
2837
2861
2897
2909
2957
2969
3041
3089
3137
3163
3209
3257
3259
3271
3307
3329
3331
3389
3391
3413
3449
3461
3463
3533
3547
3557
3559
3571
3581
3583
3593
3617
3643
3677
3701
3727
3761
3797
3821
3823
3833
3917
3919
3929
3931
3943
3989
4001
4003
4013
4027
4049
4073
4133
4157
4159
4217
4219
4229
4231
4241
4243
4253
4289
4327
4337
4349
4363
4373
4397
4409
4421
4423
4447
4457
4481
4493
4507
4517
4519
4567
4603
4637
4639
4649
4651
4663
4673
4723
4759
4793
4817
4831
4877
4889
4903
4937
4973
4987
4999
5009
5021
5023
5081
5119
5189
5237
5261
5273
5297
5309
5333
5347
5381
5393
5407
5417
5419
5431
5441
5443
5477
5479
5503
5563
5573
5647
5657
5669
5683
5693
5717
5741
5779
5801
5813
5827
5849
5861
5897
5923
5981
6007
6029
6053
6089
6113
6151
6163
