11
13
17
41
59
61
79
83
89
103
107
109
113
127
131
137
151
157
179
199
223
227
229
233
251
257
271
277
347
367
373
397
401
419
443
449
467
487
491
521
563
569
587
593
613
641
659
661
683
709
733
757
761
809
823
827
829
853
857
881
929
947
953
967
971
977
991
1019
1039
1049
1063
1069
1091
1097
1117
1163
1187
1193
1213
1217
1237
1259
1279
1283
1289
1303
1307
1327
1361
1381
1409
1423
1427
1429
1433
1451
1471
1481
1499
1523
1543
1549
1553
1567
1601
1619
1621
1663
1667
1669
1759
1789
1811
1831
1861
1879
1889
1907
1913
1979
1999
2027
2029
2053
2081
2099
2129
2143
2153
2221
2243
2267
2269
2273
2293
2297
2389
2393
2411
2417
2437
2441
2459
2503
2531
2551
2557
2579
2609
2633
2657
2699
2729
2749
2767
2777
2791
2797
2801
2819
2843
2887
2897
2917
2939
2963
2969
3011
3041
3061
3079
3083
3089
3109
3137
3203
3209
3229
3251
3253
3257
3271
3299
3301
3319
3323
3329
3347
3371
3391
3449
3463
3467
3469
3491
3517
3539
3583
3593
3617
3659
3709
3733
3761
3779
3803
3823
3833
3847
3853
3929
3943
