3
5
11
13
19
29
37
53
59
61
67
83
101
107
131
139
149
163
173
179
181
197
211
227
269
293
317
347
349
373
379
389
419
421
443
461
467
491
509
523
541
547
557
563
587
613
619
653
659
661
677
701
709
757
773
787
797
821
827
829
853
859
877
883
907
941
947
1019
1061
1091
1109
1117
1123
1171
1187
1213
1229
1237
1259
1277
1283
1291
1301
1307
1373
1381
1427
1451
1453
1483
1493
1499
1523
1531
1549
1571
1619
1621
1637
1667
1669
1693
1733
1741
1747
1787
1861
1867
1877
1901
1907
1931
1949
1973
1979
1987
1997
2027
2029
2053
2069
2083
2099
2131
2141
2213
2221
2237
2243
2267
2269
2293
2309
2333
2339
2357
2371
2389
2437
2459
2467
2477
2531
2539
2549
2557
2579
2621
2659
2677
2683
2693
2699
2707
2741
2789
2797
2803
2819
2837
2843
2851
2861
2909
2939
2957
2963
3011
3019
3037
3067
3083
3187
3203
3253
3299
3307
3323
3347
3371
3413
3461
3467
3469
3491
3499
3517
3533
3539
3547
3557
3571
3581
3613
3637
3643
3659
3677
3691
3701
3709
3733
3779
3797
3803
3851
3853
3877
3907
3917
3923
3931
3947
3989
4003
4013
4019
4021
4091
4093
4099
4133
4139
4157
4219
4229
4243
4253
4259
4261
4283
4349
4357
4363
4373
4397
4451
4483
4493
4507
4517
4547
4603
4621
4637
4691
4723
4787
4789
4813
4877
4933
4957
4973
4987
5003
5011
5051
5059
5077
5099
5107
5147
5171
5179
5189
5227
5261
5309
5333
5387
5443
5477
5483
5501
5507
5557
5563
5573
5651
5659
5683
5693
5701
5717
5741
5749
5779
5813
5827
5843
5851
5869
5923
5939
5987
6011
6029
6053
6067
6101
6131
6173
6197
6203
6211
6229
6269
6277
6299
6317
6323
6373
6379
6389
6397
6469
6491
6547
6619
6637
6653
6659
6691
6701
6709
6733
6763
6779
6781
6803
6827
6829
6869
6883
6899
6907
6917
6947
6949
6971
7013
7019
7027
7043
7069
7109
7187
7211
7219
7229
7237
7243
7253
7283
7307
7331
7349
7411
7451
7459
7477
7499
7507
7517
7523
7541
7547
7549
7573
7589
7603
7621
7643
7669
7691
7717
7757
7789
7829
7853
7877
7883
7901
7907
7933
7949
8053
8069
8093
8117
8123
8147
8171
8179
8219
8221
8237
8243
8269
8291
8293
8363
8387
8429
8443
8467
8539
8563
8573
8597
8627
8669
8677
8693
8699
8731
8741
8747
8803
8819
8821
8837
8861
8867
8923
8933
8963
8971
9011
9029
9059
9173
9181
9203
9221
9227
9283
9293
9323
9341
9349
9371
9397
9419
9421
9437
9467
9491
9533
9539
9547
9587
9613
9619
9629
9643
9661
9677
9733
9749
9803
9851
9859
9883
9901
9907
9923
9941
9949
10037
10067
10069
10091
10093
10099
10133
10139
10141
10163
10181
10253
10259
10267
10301
10331
10357
10427
10459
10477
10499
10501
10589
10613
10667
10691
